 76 86 98109116115107 95 83 77 77 82 93106119130136134124110 93 79 69 6327 1 1QF 423116161613699999999999999 930 762341 6299999999999999
 62 66 74 86 98107111108100 92 87 86 90 99110122132137136127113 95 78 6527 1 2QF 6 41111721138999999999999991038 86999999999999999999999
 56 53 56 65 78 93107115115108 99 92 89 91 99111124135141141132115 94 7427 1 3QF 729116182714299999999999999 1 0 5312 4 8899999999999999
 57 46 43 48 60 77 97114123123114101 90 85 88 98112128141148147134114 8927 1 4QF 825124192114999999999999999 153 431310 8599999999999999
 64 45 34 34 43 60 82106125133128114 97 83 78 83 9711613514915615113410827 1 5QF 9 713320 815699999999999999 234 331359 7899999999999999
 79 52 32 24 28 43 66 93119136140128108 87 73 70 8110012314415916315312927 1 6QF 942140204816399999999999999 3 9 241440 6999999999999999
 98 65 37 21 18 28 49 77107133145141122 97 74 63 66 8310713315516716614927 1 7QF1014146212516999999999999999 342 171517 6299999999999999
118 82 48 24 13 17 34 61 93123144148135110 82 62 56 66 8911714416417216427 1 8QF104414922 017299999999999999 413 121551 5699999999999999
139103 65 33 14 11 23 47 77110137150144123 94 67 53 54 72 9912815417117227 1 9QF1113150223417399999999999999 441 101624 5199999999999999
155123 84 47 21 10 16 35 64 96126146149134107 78 56 49 58 8010913816117227 110QF114015023 817299999999999999 5 8 101656 4999999999999999
165140104 65 33 16 14 28 53 83114138149142120 91 65 50 50 65 9011814416327 111QF12 6149234216799999999999999 534 131729 4899999999999999
166152122 85 50 26 18 26 46 73102128144145130105 78 57 49 55 73 9812414627 112QF1233147999999999999999999999 559 1818 3 4999999999999999
158155135104 70 42 27 28 43 66 92118137144137118 93 69 54 51 61 7910212427 113QF 01915913 214599999999999999 625 261842 5099999999999999
141148140119 90 62 42 36 44 62 85108128140141129108 85 65 54 54 65 8110027 114QF 1 0148133314299999999999999 654 361927 5399999999999999
118132135126107 83 62 50 50 62 80100118132139135122103 82 65 56 56 64 7727 115QF 147136141013999999999999999 728 482026 5599999999999999
 93108119122116101 84 69 62 66 77 93109123133137133121103 83 67 56 54 5827 116QF 24912215 013799999999999999 8 9 622148 5499999999999999
 68 81 95106112111103 92 81 77 79 88 99111123132137134125108 88 69 54 4727 117QF 420113161213799999999999999 9 8 772331 4699999999999999
 47 53 65 80 96108114112104 95 88 87 91 99109121132140142134117 93 69 4827 118QF 6151141741142999999999999991045 87999999999999999999999
 35 31 36 49 68 90110123125118105 94 87 86 92104120136149154147127 98 6627 119QF 743125185915499999999999999 058 311235 8599999999999999
 38 19 13 18 36 61 91119136139128110 91 78 76 83 9912014316117016213710027 120QF 84114020 317099999999999999 2 2 131346 7599999999999999
 60 25  2 -4  5 28 61 99132151151133106 81 65 63 74 9612315217618517414227 121QF 928154205918599999999999999 254 -51439 6299999999999999
 97 49 10-13-16 -1 29 70113149164156130 95 65 49 51 68 9512916318919617927 122QF10 9165214919799999999999999 341-171525 4899999999999999
140 88 37 -3-22-19  2 39 85131163171153118 79 49 36 43 66 9813517219719927 123QF1047172223620199999999999999 423-2416 8 3699999999999999
175130 75 25-10-22-12 16 58105148172170142102 62 35 29 41 6810214117619627 124QF1124175232119899999999999999 5 1-221649 2899999999999999
192162114 61 17 -8-11  7 39 81126160173159126 84 48 28 28 45 7310714317327 125QF1158173999999999999999999999 537-121730 2699999999999999
185174142 96 51 17  3 10 33 66106142164165143108 70 41 29 34 53 7910913927 126QF 0 3185123116899999999999999 6 9  31810 2999999999999999
161166151119 81 47 26 23 37 62 93125150160151126 93 62 41 36 44 61 8310827 127QF 04516713 216099999999999999 638 221851 3699999999999999
130143142126100 72 50 42 48 65 88113135149149135111 84 61 48 47 55 68 8427 128QF 126144133115199999999999999 7 4 421936 4699999999999999
101115122119107 89 72 61 61 71 88106124137142137123103 82 66 57 57 62 7027 129QF 212122135914299999999999999 729 602033 5699999999999999
 80 90 99103102 96 87 79 76 80 89102115126132133127116101 86 74 66 63 6327 130QF 319103143513499999999999999 755 762227 6399999999999999
 66 71 77 84 90 94 95 93 90 90 93 98106114121126127124117106 93 81 71 6427 131QF 542 95154512799999999999999 836 89999999999999999999999
 59 58 60 66 75 86 96102103101 99 97 97101108115121125127123113100 85 7027 2 1QF 750103174612799999999999999 050 581121 9799999999999999
 58 49 47 50 60 74 90105114114108100 92 89 92100111122130135131120103 8227 2 2QF 83411519 713599999999999999 154 4713 2 8999999999999999
 62 46 37 36 44 60 80102119126121108 93 81 77 83 9611212814014514012310027 2 3QF 9 412620 014599999999999999 233 351354 7799999999999999
 73 49 32 25 30 45 67 94118133133120100 80 67 66 77 9611813815215514312027 2 4QF 931135204215699999999999999 3 4 251433 6599999999999999
 89 58 33 19 18 31 53 82112135143134112 85 63 54 59 7710312915216416014027 2 5QF 957143211816499999999999999 332 1715 8 5399999999999999
109 72 40 18 11 19 39 69102131148145126 96 67 48 45 58 8311414316417115927 2 6QF1022149215117199999999999999 358 111540 4499999999999999
129 91 52 23  8 11 28 56 90124148154139110 76 49 36 42 63 9412715617317127 2 7QF1046154222417599999999999999 422  71611 3699999999999999
148111 69 34 11  7 20 45 78114144157150125 89 56 35 31 45 7310614016617527 2 8QF1110158225617699999999999999 444  61642 3099999999999999
163131 90 49 20  9 16 37 68103136156158138105 69 40 27 32 53 8411915016927 2 9QF1133160232917299999999999999 5 6  91712 2799999999999999
169147110 69 35 16 16 33 61 94126151160149121 85 52 31 26 39 64 9512715327 210QF1157160999999999999999999999 529 141745 2699999999999999
164155128 91 55 30 22 33 56 86116142157154134103 69 42 29 31 48 7310212927 211QF 0 4164122215899999999999999 554 221820 2899999999999999
148152137109 77 49 35 38 55 80108132149154143119 89 60 39 32 39 56 7810327 212QF 042153124815499999999999999 620 3419 0 3299999999999999
124136135119 96 71 53 49 58 78100122139148145131109 82 59 43 39 46 60 7727 213QF 124137131814899999999999999 649 481950 3999999999999999
 96111119118106 90 74 65 67 78 95112127137141136124105 84 64 51 46 49 5727 214QF 219120135614199999999999999 722 6421 5 4699999999999999
 69 82 95103105101 94 85 81 84 92103114124130133132124111 93 75 59 50 4627 215QF 35210515 813399999999999999 8 7 812310 4699999999999999
 48 54 65 78 91100105105100 96 95 97101107114122129134133124107 86 65 4727 216QF 621106172313499999999999999 956 95999999999999999999999
 36 32 37 49 66 86105117120115106 96 90 89 94103116131143148141122 94 6427 217QF 748121185714899999999999999 056 321242 8999999999999999
 38 20 14 21 37 63 92119135136125106 87 74 71 78 93114138158167159133 9627 218QF 83513720 216799999999999999 159 141348 7199999999999999
 57 24  4 -1 11 35 69107138153147125 96 70 54 53 65 8811815017518417113727 219QF 913153205518499999999999999 246 -11435 5199999999999999
 91 44  9-10 -8 10 43 86128159166150116 78 48 34 38 57 8812516319019517327 220QF 948167214219699999999999999 326-121516 3399999999999999
131 78 30 -3-15 -5 22 62109151174170142 99 57 28 19 30 56 9213417319719527 221QF1021176222519999999999999999 4 2-151556 1999999999999999
165116 63 18 -7 -9  9 44 88134170181164125 78 37 14 12 30 6110014317819427 222QF105418123 619499999999999999 435-111634 1099999999999999
183147 97 48 13 -1  8 34 72116155179176148104 58 24  9 15 37 7010814717427 223QF1124181234518199999999999999 5 5 -11711  999999999999999
180162124 79 40 17 16 34 64101139167176160126 83 44 19 14 25 49 8011414427 224QF1152176999999999999999999999 533 141748 1399999999999999
161158136102 66 40 31 40 63 94126153167163140105 68 39 24 26 40 62 8811527 225QF 022163121616899999999999999 558 311823 2399999999999999
134142133112 85 61 48 51 67 91117140155157144120 89 61 42 35 41 55 72 9227 226QF 058142123815899999999999999 620 481859 3599999999999999
109119120111 95 78 66 64 73 90110129143148142127106 82 63 51 50 55 65 7627 227QF 135121125814899999999999999 640 631942 4999999999999999
 88 97102101 96 88 80 77 81 91105119130136135128115100 84 71 64 62 64 6827 228QF 224102132313799999999999999 658 772051 6299999999999999
 73 79 84 87 90 91 90 89 90 95101109117123125124119112103 92 82 75 69 6627 3 1QF 5 4 91141012599999999999999 7 8 89999999999999999999999
 64 65 67 72 80 88 96100102102101101103107111115118119117111102 91 80 6927 3 2QF1659119999999999999999999999 012 64999999999999999999999
 59 54 53 58 67 81 95107113112107 99 93 90 94101110119125127122111 95 7727 3 3QF 822113184812799999999999999 137 531253 9099999999999999
 60 48 42 44 54 70 90110122124117103 88 78 76 83 96111126137139131114 9127 3 4QF 842125194414099999999999999 214 421342 7599999999999999
 67 47 34 32 41 58 81107127135129112 90 71 61 63 77 9712013915115013510927 3 5QF 9 4135202515299999999999999 242 321418 6099999999999999
 79 52 32 24 29 45 71101127143142125 99 71 52 47 56 7810513315516315413027 3 6QF 92714521 016399999999999999 3 6 241451 4799999999999999
 96 62 34 20 20 34 60 92124147153140112 78 50 35 38 56 8511814916816915027 3 7QF 948154213317299999999999999 328 181521 3499999999999999
117 77 43 21 15 25 49 82117147162154128 91 55 31 24 35 62 9713416417716827 3 8QF101016222 617799999999999999 350 151551 2499999999999999
139 98 57 27 14 19 40 72108143165166145108 67 34 17 19 40 7311214917417827 3 9QF1033168224017999999999999999 412 141622 1599999999999999
158121 77 41 19 18 34 63 98134162173160127 85 45 18 10 22 49 8612515917627 310QF1057173231417799999999999999 435 161653 1099999999999999
170141101 60 32 22 31 56 89124155172169144106 64 30 11 12 31 61 9813416127 311QF1121174235016999999999999999 459 221726  999999999999999
168154122 83 51 33 34 53 82114144165171156126 86 49 22 13 21 42 7210513527 312QF1147171999999999999999999999 525 3118 2 1399999999999999
153153134104 73 50 44 54 77105132154165160140109 74 43 25 21 32 53 7910527 313QF 029155121416599999999999999 552 431843 2199999999999999
127138133116 93 71 59 61 76 98121140153156146126 99 71 47 34 33 43 58 7827 314QF 113138124415699999999999999 621 581934 3299999999999999
 97112119116105 90 78 74 80 94111126138144143135120 99 77 58 47 44 48 5727 315QF 211119132314599999999999999 653 742053 4499999999999999
 70 83 95103105102 96 90 90 94103112121127132133130122108 90 73 58 50 4627 316QF 356105145313399999999999999 739 8923 3 4699999999999999
 49 56 68 81 94105109109105101100100102107113120128134133124107 85 65 4827 317QF 6191101726135999999999999991020100999999999999999999999
 38 36 42 56 75 96114124124116105 94 86 84 89 99114131145150141121 92 6327 318QF 729125185315099999999999999 043 361247 8499999999999999
 39 25 23 33 52 79108131141136120 98 77 65 63 72 89113139160167156128 9227 319QF 8 9141195316799999999999999 140 231340 6399999999999999
 55 27 14 15 31 59 94128152157142113 81 55 42 44 60 8511815217618116312727 320QF 844157204318299999999999999 222 121422 4199999999999999
 83 43 16  7 16 40 76116152170164137 98 60 32 23 31 54 8812716518718616027 321QF 916171212819099999999999999 258  715 1 2399999999999999
117 70 31 10  9 27 59100142172180162124 78 38 14 11 27 56 9513817419118227 322QF 94818122 919299999999999999 331  71538 1099999999999999
148102 56 23 12 22 48 85127164185179149103 56 20  4  9 31 6410614717818627 323QF1018186224818699999999999999 4 1 121615  399999999999999
168130 85 46 24 24 43 74112150178185167128 81 38 11  4 16 42 7711615217227 324QF1047186232617599999999999999 430 211651  399999999999999
171147110 71 42 33 43 69102137166181174146106 62 28 11 12 29 56 8912314927 325QF1112181999999999999999999999 457 331725  999999999999999
159150125 92 63 47 49 67 95125153171172155124 86 51 27 19 27 46 71 9912427 326QF 0 1159113517499999999999999 522 461758 1999999999999999
139141128105 81 63 59 70 91116141158164156135105 74 48 34 33 44 61 8210227 327QF 036142115616499999999999999 546 591832 3299999999999999
118125122110 93 78 71 75 89109129145153151138118 93 70 53 46 49 58 72 8627 328QF 112125121715499999999999999 6 9 701911 4699999999999999
 98107109106 99 90 83 83 90103117131140142136124108 91 75 64 60 62 67 7527 329QF 158109124514299999999999999 633 8220 7 6099999999999999
 83 90 95 98 99 97 94 93 95100108116124128128125117107 95 84 75 70 68 6927 330QF 352 99133312999999999999999 659 932223 6899999999999999
 71 75 80 86 93 99103104103103103104107111115118120118113105 94 84 75 6827 331QF 65710416 512099999999999999 942103999999999999999999999
 63 63 67 74 85 97108114115110103 96 92 93 98106115122126123114101 86 7227 4 1QF 73411518 612699999999999999 036 631223 9299999999999999
 61 54 55 62 75 92109122127122110 95 82 76 78 88102118131137134121102 8127 4 2QF 75812719 913799999999999999 126 541315 7699999999999999
 63 50 46 51 64 84107127137135121100 79 64 60 67 84106128144149141122 9627 4 3QF 820138195414999999999999999 157 461351 5999999999999999
 70 50 40 42 54 75102128145149136111 83 58 45 47 62 8611614215815914311527 4 4QF 842149203216199999999999999 222 391424 4499999999999999
 84 56 39 35 45 66 94125150160152127 93 60 37 29 39 63 9513015817116313827 4 5QF 9 416021 917199999999999999 246 351455 2999999999999999
103 68 42 32 37 56 85118149168168146110 70 37 19 20 38 6910814517217716127 4 6QF 928171214517899999999999999 3 9 321527 1799999999999999
127 87 53 34 32 47 75109144170179165132 88 46 17  7 17 43 8012215918017627 4 7QF 954179222218199999999999999 335 3116 0  799999999999999
151112 72 44 33 42 65 98133165183179153112 66 27  5  3 21 52 9313416717927 4 8QF102118523 017999999999999999 4 2 331634  299999999999999
167136 96 62 42 41 58 87121154178185170136 92 48 16  2  8 30 6410314116527 4 9QF1050186234117199999999999999 431 391711  199999999999999
170152120 84 58 48 56 79109140166181178155119 76 39 14  7 18 41 7310813927 410QF1121182999999999999999999999 5 1 481752  799999999999999
156154135106 79 62 61 75 99126150168174164140106 69 39 21 19 30 51 7910727 411QF 024157115417499999999999999 533 591839 1899999999999999
130140137121 99 80 72 77 93113134151161161151129101 71 47 34 32 41 57 7827 412QF 114141123316399999999999999 6 7 721937 3199999999999999
 99116125123113 99 88 85 91103118131142148148141126104 80 60 48 44 47 5827 413QF 221125133214999999999999999 648 842059 4499999999999999
 72 88103114117113105 98 96 99105112120127134138138130114 94 74 59 50 4827 414QF 357117152713999999999999999 758 962244 4899999999999999
 54 64 79 96111120121116108101 97 95 98103112123135142139127107 84 64 5027 415QF 5381221718142999999999999991052 95999999999999999999999
 45 48 59 76 98118131134126113 98 85 78 78 85 99118137150152139116 89 6327 416QF 644134183615399999999999999 0 8 451229 7799999999999999
 46 39 44 59 82109133147146132110 86 67 57 59 71 91118144162163148119 8627 417QF 727149193616599999999999999 1 3 391321 5799999999999999
 58 40 36 46 67 96127152163155131 99 67 46 38 44 62 9012315417217115011627 418QF 8 4163202617499999999999999 145 3614 2 3899999999999999
 79 50 36 39 55 82116148170173155121 81 47 27 23 36 61 9513216417917214427 419QF 838175211117999999999999999 221 351442 2399999999999999
106 70 44 37 47 71103138168183175146105 62 29 14 17 35 6610314217118016627 420QF 911183215318099999999999999 254 371519 1399999999999999
133 94 61 43 44 62 91125159182186168130 85 44 17  9 18 42 7611515017317427 421QF 942188223317699999999999999 326 411556  899999999999999
153119 82 56 47 57 81113146174187180152111 67 31 12 11 27 54 8912515516827 422QF1010187231016999999999999999 357 471631  999999999999999
161137104 73 56 57 75102134162180182165132 91 53 25 15 21 41 6910113215327 423QF1037184234615899999999999999 426 5417 6 1599999999999999
158145120 91 70 62 72 94122149169178170147113 76 45 27 24 36 57 8311013327 424QF11 2178999999999999999999999 455 621740 2499999999999999
145143128106 84 72 73 88111136156168168154129 98 67 45 35 38 51 71 9311427 425QF 022146112717099999999999999 524 711816 3499999999999999
128134129115 97 83 79 86102122142156160154138115 89 66 51 46 52 64 80 9727 426QF 1 0134115616099999999999999 553 791855 4699999999999999
111120122117107 95 88 89 97111126140148148141126107 87 70 60 58 63 73 8427 427QF 147122123314999999999999999 627 871945 5899999999999999
 96106112114112106 99 96 97103112123131136136131121106 91 78 70 67 70 7527 428QF 259114133113799999999999999 714 962058 6799999999999999
 83 92101108113114111106103101102106112119125128127121110 97 85 77 72 7127 429QF 443114151812899999999999999 9 41012242 7199999999999999
 74 80 89100110118121119113105 98 94 94100108118126129126117104 90 79 7127 430QF 6 312117 3129999999999999991124 94999999999999999999999
 68 71 79 91105119129131126114100 87 80 80 87101116130137135124108 91 7627 5 1QF 647131181813799999999999999 0 0 681229 7999999999999999
 66 64 70 82 99118134143140128108 87 70 63 66 79 99121138147144129108 8627 5 2QF 718143191314799999999999999 047 641313 6399999999999999
 69 61 62 73 91113136151155144122 94 68 51 47 55 7510213015115915113010327 5 3QF 74615620 015999999999999999 122 601349 4699999999999999
 78 61 57 64 81106133156167163141109 75 47 32 34 50 7711114216416815412727 5 4QF 814168204316999999999999999 153 571425 3199999999999999
 95 69 56 57 71 95125154174179163131 91 53 27 17 25 49 8312215517517315227 5 5QF 844179212617799999999999999 225 5415 1 1799999999999999
119 86 62 54 62 83113145173188183157116 71 34 11  8 23 53 9213316618017227 5 6QF 91618922 818199999999999999 259 541540  799999999999999
145109 77 58 57 72 99131163187194180146100 54 20  3  5 26 5910114117117927 5 7QF 951195225218099999999999999 333 551621  199999999999999
165135 99 71 59 65 86116148176194193171132 86 43 13  2  9 33 6810814516927 5 8QF1028196233817399999999999999 4 9 5917 5  299999999999999
172154123 92 70 66 77101130158182192185160121 77 39 14  8 18 42 7511214327 5 9QF11 8193999999999999999999999 446 651752  899999999999999
161160141114 88 74 75 90113138162179184174149113 74 42 22 19 30 51 8011127 510QF 026163115318499999999999999 526 731844 1899999999999999
137150147131109 90 81 85100119139157169172163141110 78 50 35 32 41 59 8327 511QF 119151124817399999999999999 6 9 811942 3199999999999999
108129140138126109 95 89 93103117132145156160155138113 85 62 48 44 51 6527 512QF 221141135916099999999999999 7 4 892050 4499999999999999
 84105124135135126113101 94 95100108119131143151150139118 95 74 59 54 5727 513QF 332136152715299999999999999 828 9422 5 5499999999999999
 68 85105123136138131118105 95 89 89 94103117132145149142126104 82 67 6027 514QF 4441381655149999999999999991031 892315 6099999999999999
 62 72 89109129143146138123105 89 78 74 78 89106126144152148132110 87 7027 515QF 5471461811152999999999999991159 74999999999999999999999
 63 66 78 97119141154156145123 99 77 63 58 64 78100125146157153136112 8827 516QF 637157191515899999999999999 013 631257 5899999999999999
 71 65 71 86108133155167164146118 88 62 47 45 54 73 9912815216315713711027 517QF 720168201016399999999999999 059 651343 4499999999999999
 85 69 67 77 97123149169177168142108 74 47 34 36 49 7310413515916715713327 518QF 758177205716799999999999999 140 661425 3399999999999999
104 80 68 71 87111138164181182165133 94 59 35 26 32 51 7911214416516915327 519QF 834184214117099999999999999 218 6815 4 2699999999999999
126 97 76 69 78 99126154177187180156119 79 46 26 23 35 58 8912315216816527 520QF 9 8187222116999999999999999 255 691542 2399999999999999
145116 89 73 73 88113141167184187172142103 65 37 23 26 43 6910113315816727 521QF 941188225916799999999999999 330 701618 2399999999999999
157134105 82 73 80100127154176186181160126 88 54 32 26 35 55 8311314115827 522QF1012187233616199999999999999 4 4 731654 2699999999999999
160146121 95 79 77 90113140164179182170144110 75 48 33 33 46 69 9612314427 523QF1043183999999999999999999999 438 761729 3199999999999999
154150132109 89 80 84101125149168177173157129 97 67 47 39 44 60 8210612827 524QF 012154111517799999999999999 511 7918 4 3999999999999999
143146138121101 87 84 93111133152166169162143117 88 64 50 48 57 73 9311327 525QF 048147115117099999999999999 545 841841 4899999999999999
129138138129113 99 90 91101117135150159159150132108 84 66 57 59 69 8310027 526QF 128140123316099999999999999 624 891921 5799999999999999
116128134132123111100 95 97105118132143150149140124104 85 71 66 69 78 9027 527QF 215134132715199999999999999 713 9420 7 6699999999999999
104118128132130123112103 98 98104113123134141142135121104 88 77 74 76 8427 528QF 312132143814299999999999999 826 9821 3 7499999999999999
 95108120130135133126116105 97 94 96103113125134138134123108 93 83 79 8127 529QF 41613515591389999999999999910 5 9422 9 7999999999999999
 88 99112126136142140131117102 91 84 85 92104119132139138128113 98 86 8127 530QF 5141421719140999999999999991127 842314 8199999999999999
 83 91103119135147152147134114 94 78 70 71 80 97117135145145135118100 8727 531QF 6 11521830147999999999999991225 69999999999999999999999
 81 84 94110129148160163153133106 81 62 54 57 71 9411914115415414212110027 6 1QF 643163192915699999999999999 010 811312 5399999999999999
 85 80 85 99120142162174173156127 94 64 44 38 46 65 9412415116516314612227 6 2QF 724175202316699999999999999 059 801357 3899999999999999
 98 82 79 88107131157178187179155119 79 47 28 25 37 62 9613216117416914727 6 3QF 8 5187211317599999999999999 145 791441 2499999999999999
119 93 79 79 92116144171191197183151108 65 32 15 15 33 6310114016918017027 6 4QF 84819722 118099999999999999 229 771528 1399999999999999
145113 88 76 80 99126156184201202182144 98 53 21  7 11 33 6710814717518227 6 5QF 932204224818299999999999999 313 751615  699999999999999
167138106 83 75 84106135166192207203178137 89 45 16  5 13 37 7311515317627 6 6QF1019208233518099999999999999 357 7517 3  599999999999999
179160129 99 79 76 89113142171195206199171129 83 42 17 10 21 46 8212115527 6 7QF11 9206999999999999999999999 441 751752  999999999999999
174171150121 94 79 80 95118144170191200191163123 80 44 24 20 33 58 9112727 6 8QF 02317512 120099999999999999 526 771841 2099999999999999
155168162141114 92 81 84 98119142165183189180154118 81 51 36 35 49 7210127 6 9QF 110169125618999999999999999 615 811930 3499999999999999
131154162154134111 92 84 88 99115134154170176168146116 85 62 51 52 65 8527 610QF 2 0162135717699999999999999 712 842021 5099999999999999
110135153158150132111 95 87 88 96108123141156162157140116 92 74 66 68 7927 611QF 25215815 616399999999999999 823 872115 6599999999999999
 97118139153157149132113 97 87 85 88 97111127142151150138119100 85 79 8127 612QF 348157162315299999999999999 954 852212 7999999999999999
 91107126144156159151135115 97 84 78 79 86 99116133145147139124107 94 8827 613QF 4461591744148999999999999991125 772313 8899999999999999
 91100115133150162164155137115 94 78 69 68 75 90109128143149143129113 9927 614QF 5431641859149999999999999991235 68999999999999999999999
 93 96107123141158169170159137112 87 69 59 59 68 8510713014715414713211427 615QF 63517120 015499999999999999 011 931330 5899999999999999
100 94 99112130150167177175160134105 78 59 50 52 65 8611113615415915013227 616QF 722177205015999999999999999 1 4 941416 4999999999999999
112 97 93100117138159176183177157127 95 67 49 43 50 67 9112014616216314927 617QF 8 5183213416599999999999999 151 931457 4399999999999999
127105 92 91103124147169184187176150117 83 56 41 40 51 7310113115616816327 618QF 845188221316899999999999999 233 901535 3999999999999999
144119 97 87 91108132157178190188170140104 70 47 36 41 58 8311314316416927 619QF 923191224917099999999999999 312 861610 3699999999999999
158134108 89 84 94116142167185192184160126 90 59 40 37 47 69 9712715316827 620QF 959192232316999999999999999 349 841644 3699999999999999
165148122 98 84 85101126152175189190175147111 77 51 39 42 58 8311113915927 621QF1034191235516699999999999999 425 821717 3999999999999999
166157135110 90 82 90110135160179188183163131 97 67 48 43 53 72 9812514827 622QF11 9188999999999999999999999 459 821748 4399999999999999
161160145123100 86 85 97119143164179183172148116 85 61 50 53 67 8811213627 623QF 026163114618399999999999999 534 841818 4999999999999999
153159152134113 95 87 90105125146164174173159134104 78 62 58 66 8210312527 624QF 058159122517699999999999999 612 871849 5799999999999999
143155155144126108 94 90 95109127145159166162146122 97 77 67 69 80 9611627 625QF 13115613 916699999999999999 655 901922 6699999999999999
134148154151139122106 95 92 98109124139152157152137116 96 81 76 81 9310827 626QF 2 815514 115799999999999999 748 921959 7699999999999999
125141151155149137121105 95 92 95105117131143149145133116 99 89 86 9210327 627QF 25215515 614999999999999999 856 922046 8699999999999999
117132146155157151138121105 92 87 88 96108123136143143134120106 97 9510027 628QF 3451571625144999999999999991016 872145 9599999999999999
110123138151160162155141121102 86 78 77 84 9811513114314614012811510510127 629QF 4441621751146999999999999991134 77225910199999999999999
105114127143157168170162144120 96 76 65 63 71 8710813014615314913712210927 630QF 54417019 9153999999999999991240 63999999999999999999999
103105115130148166178180170148118 88 64 50 48 59 7910513215416416014512527 7 1QF 643181201316499999999999999 0141031338 4899999999999999
109100102114133155176190192178150114 78 50 35 34 48 7310513816417516814927 7 2QF 73919321 717599999999999999 1181001431 3299999999999999
124104 94 98113137163187202203185151108 67 36 21 23 41 7211014717518417327 7 3QF 833205215618499999999999999 213 941522 2099999999999999
147118 95 87 94113141170197214212189149101 56 25 11 18 41 7611815818518927 7 4QF 926216224119099999999999999 3 3 871610 1199999999999999
172140108 86 80 91114145177205221216188143 92 47 18  9 20 47 8613016919127 7 5QF1018222232419399999999999999 350 801656  999999999999999
189165130 97 77 75 90116148181209223214182135 84 43 18 15 30 6010114417827 7 6QF11 8223999999999999999999999 436 741740 1399999999999999
193183154118 88 72 75 92118149181207217204170125 79 43 26 29 48 7911715627 7 7QF 0 5193115721799999999999999 522 711822 2599999999999999
182188172142108 82 72 77 94119147176198203189156116 77 51 42 49 7010013427 7 8QF 045189124720499999999999999 6 9 7119 1 4299999999999999
164182180161132102 82 75 81 96117142166183185171143110 81 64 62 73 9311927 7 9QF 125184133818699999999999999 659 751939 6199999999999999
146168178171152126101 85 80 85 97113133152165166154133110 90 81 83 9511227 710QF 2 6178143616799999999999999 757 802017 8199999999999999
133154168172164146124104 90 85 87 94106121137147150143130114102 9810111127 711QF 250172154715099999999999999 911 8521 1 9899999999999999
126142157167168161145126108 95 88 86 89 9711012313514114013212211411011327 712QF 3411691721141999999999999991050 8622 311099999999999999
121132145157166167161148130112 97 86 81 82 8910011412913914213813012211727 713QF 4451681854142999999999999991222 81232711699999999999999
117123134146158167170165152133113 94 81 73 74 81 9511213114415014613512427 714QF 55517020 2150999999999999991327 73999999999999999999999
116115121133147161172176170155133109 87 72 65 67 78 9511713915415815013627 715QF 657176204915899999999999999 0421151415 6499999999999999
121110109118133151167179183175155129101 77 61 57 63 7910212815116516415027 716QF 750183212716699999999999999 1371081453 5799999999999999
130112101103116136157176188189176151119 89 65 52 52 65 8611314216417216427 717QF 83419022 017299999999999999 2211001528 5099999999999999
144120100 93100118142166186195191172141106 74 53 46 53 71 9812815717417527 718QF 914196223217799999999999999 3 0 931559 4699999999999999
158132106 89 87101125152177194200188162126 90 61 46 46 60 8411414516917927 719QF 95020023 117999999999999999 336 861629 4499999999999999
170146117 93 82 87107134162186200198179146108 74 51 44 53 7310113316117727 720QF1025202232817999999999999999 410 811656 4499999999999999
177159131102 83 79 92115144172193200191164128 91 63 48 50 66 9212115017227 721QF1058200235417999999999999999 444 791722 4799999999999999
179168144115 91 78 82 99125153178194194177146110 78 58 53 64 8511214016427 722QF1132196999999999999999999999 517 781746 5399999999999999
177174156130103 84 79 88108133159180189183160128 96 71 60 65 8210513115627 723QF 01917812 718999999999999999 551 791812 6099999999999999
172176165143117 95 82 82 94114137159176179168144115 89 73 71 8210112414727 724QF 045177124618099999999999999 629 801839 7099999999999999
165174171156133110 92 83 87 99117137155167167154132108 90 81 8510011913927 725QF 114175133016899999999999999 712 8319 9 8199999999999999
157169172165148127107 92 86 90100115132147156155144127109 97 9410111513227 726QF 148173142415699999999999999 8 5 861946 9499999999999999
148161169169161146126107 93 87 89 9610812213614414614012911710810811412527 727QF 232170154114699999999999999 917 87203610799999999999999
138151162168169162148130110 95 85 83 87 9611012413614314313712812011812127 728QF 3351701729144999999999999991052 83215611899999999999999
128138150161170173169156136114 93 79 72 73 82 9711513314615214913912912227 729QF 45917319 6152999999999999991223 71234912099999999999999
120124134147161174182180167144116 89 68 56 56 67 8611113615616516114813227 730QF 6221832011165999999999999991331 55999999999999999999999
118112115127144165183195195180151115 80 53 40 41 56 8111314617017917115127 731QF 73019721 117999999999999999 1101121425 3899999999999999
127107 99104120144170195211210190154110 68 38 25 30 51 8312316018619117527 8 1QF 829213214319299999999999999 2 7 991513 2599999999999999
146115 92 85 94116145178207225222195151100 55 26 16 27 55 9413817820019627 8 2QF 922227222220199999999999999 256 851556 1699999999999999
171134 99 76 73 87114149186218234226192142 89 45 20 17 35 6811115719420727 8 3QF101123423 020799999999999999 341 721637 1699999999999999
194160118 83 64 66 85115152191222234220181130 78 40 23 29 52 8913317620427 8 4QF1058234233620999999999999999 425 621715 2399999999999999
206183144102 71 58 65 87118155192219224204164116 72 44 37 50 7711415518927 8 5QF1143225999999999999999999999 5 8 581750 3799999999999999
205197168128 91 66 59 69 92122155187207206183146106 73 56 59 7610413817127 8 6QF 010206122820999999999999999 551 591822 5599999999999999
194199183152116 85 68 66 78 98123151175187182161131102 81 75 8410412915627 8 7QF 044200131318899999999999999 636 651851 7599999999999999
179191187168140110 87 76 77 87102122142159165160144123105 95 9710912614627 8 8QF 11619114 316599999999999999 724 751920 9499999999999999
165178182174156133111 94 86 87 9310311613014114614313512311411111612613927 8 9QF 149182151114699999999999999 824 86195111199999999999999
153165172172165151134116103 96 94 9510010811712613313613412912512512813427 810QF 23017317 71369999999999999910 8 94204012599999999999999
143152160165166162152139124111101 94 91 92 9810711812913714113913613213127 811QF 34116619 6141999999999999991214 91225813199999999999999
133138146154161165165158146131115100 89 83 84 9010211813414615114814013227 812QF 52716620 4151999999999999991326 83999999999999999999999
125125130140151162170172166152133112 93 79 73 76 8710412514615816015213827 813QF 646173203916199999999999999 0371241410 7399999999999999
123114114123137154169180182172153128102 80 67 65 73 9011313916017016514927 814QF 74118221 917099999999999999 1311131442 6499999999999999
128109101105119140161180190189174148117 88 66 57 61 7710012915617417616227 815QF 824192213717899999999999999 2111011511 5799999999999999
138112 94 90100121147172192199191168135100 72 55 53 65 8811714817318417527 816QF 9 119922 318499999999999999 247 891537 5299999999999999
152122 95 81 84102129158185202203187155117 83 58 50 57 7710513816818618527 817QF 935205222818899999999999999 320 8016 2 5099999999999999
166135103 80 73 84108139171196208200174137 98 67 51 52 69 9512816018419127 818QF10 8208225119199999999999999 352 731625 5099999999999999
178150115 85 69 71 89118151182203207189156116 81 58 52 64 8811815117919327 819QF1040208231419499999999999999 424 681648 5299999999999999
188164130 97 73 65 75 99130162190204198172135 98 70 57 63 8311114217119027 820QF1113204233719499999999999999 455 651710 5799999999999999
193176146112 83 67 67 83109140170191197183153117 86 68 67 8110613416218427 821QF1147197999999999999999999999 527 651734 6599999999999999
193184161129 98 75 67 74 93118146171185183165136106 83 75 8310312815317527 822QF 0 1193122318799999999999999 6 2 6718 0 7599999999999999
188187172146116 90 74 72 82100123146165173167149124102 89 9010312314516527 823QF 02718913 517399999999999999 641 711828 8899999999999999
179184177160136111 90 79 79 8810312114015315815213812110710210712113815527 824QF 056184135615899999999999999 729 7719 010299999999999999
168176177169153133112 95 85 84 9010011312713814414313612611811712213214427 825QF 134178151814499999999999999 838 84194411699999999999999
155164170170166155139120103 91 85 85 9010011212513514114113713212913013427 826QF 2391711732142999999999999991031 84211412999999999999999
140148156164169170164151131111 92 80 73 75 84 9911713414815315114313512827 827QF 44217019 9153999999999999991217 73235712699999999999999
126129137148161174182180166142114 88 68 58 59 71 9111714316216916314813127 828QF 62018220 2169999999999999991324 57999999999999999999999
117110113125143164185198197180149112 78 53 42 46 64 9212615818018417014527 829QF 728200204218599999999999999 1121101412 4199999999999999
118 98 90 97115141171199216213189150104 64 38 30 41 6610314317919719316827 830QF 823217211819999999999999999 2 1 901454 3099999999999999
133 99 77 72 84110144181213230222190142 92 51 28 28 46 7912216619921019327 831QF 912230215321099999999999999 245 711532 2599999999999999
157114 78 58 59 78109149190223236221182130 79 42 28 36 6210014618821321227 9 1QF 958236222721699999999999999 327 5616 7 2899999999999999
184140 94 60 46 53 77113155196226231209166115 69 42 38 55 8612717020521827 9 2QF104223323 021899999999999999 4 8 451641 3799999999999999
204168120 77 49 42 55 83119160197219217190147102 67 52 58 8111415218821127 9 3QF1124221233121499999999999999 448 421712 5199999999999999
211188148103 67 48 48 64 92125161190203194167130 95 73 70 8410914017219727 9 4QF12 6203235920799999999999999 528 461740 6999999999999999
207196168130 93 66 55 60 77101129157176181170146118 96 86 9211013415918227 9 5QF1248182999999999999999999999 6 8 5518 6 8699999999999999
195194177150118 90 73 68 75 8910812914715815914913211510410411413115016827 9 6QF 026196133316099999999999999 650 68183110299999999999999
180184177161139115 95 85 83 88 9811012313414014113612711911612013014315627 9 7QF 052184143814199999999999999 741 83185511699999999999999
166172171164151135119105 98 95 9610010611312012713113313112912913213814427 9 8QF 122172165313399999999999999 910 95192912899999999999999
151157160160157150139127116107101 96 95 9810311112113113814013913713513527 9 9QF 22716019 8140999999999999991149 95224913599999999999999
136141146151155158155148137123110 98 90 87 89 9610912513914915114613812927 910QF 5 415819461519999999999999913 7 87999999999999999999999
123123129138148158165165157142124106 90 79 77 83 9611513615316115814613027 911QF 630166201316199999999999999 0321231346 7799999999999999
116108110120135152167176175162142118 94 77 69 72 8410412915216817015813827 912QF 723177203817199999999999999 1191081415 6999999999999999
115 98 93100117139162179187181162134105 80 65 63 73 9311914817017917215027 913QF 8 418721 317999999999999999 155 931440 6299999999999999
122 96 81 82 96121149175192195181153119 88 66 57 64 8210914116918518416427 914QF 840196212618799999999999999 228 7915 3 5799999999999999
133101 77 68 76 99130162188202196173138101 72 57 58 7310013216418719317927 915QF 913202214819499999999999999 3 0 681526 5599999999999999
149112 80 61 61 78107142176200205190158119 83 61 55 67 9112315718519919227 916QF 946206221019999999999999999 330 581548 5599999999999999
165127 89 62 51 60 85119156188206202177139100 70 57 63 8411414817919920027 917QF1019207223320399999999999999 4 1 511611 5799999999999999
180145104 70 50 49 66 96132168195204190159120 86 65 64 7910613817019520327 918QF1053204225720399999999999999 432 471635 6299999999999999
192162123 85 57 47 54 76108143175194194173140105 79 70 7810113016018520027 919QF1129197232220199999999999999 5 4 4717 0 7099999999999999
197177143105 73 53 51 63 87117148174185178155125 98 82 83 9812315017419127 920QF12 7185234919699999999999999 540 501728 8099999999999999
195185160127 95 70 57 60 74 96122147164169160140117 99 9310011814116217827 921QF1250170999999999999999999999 620 561757 9399999999999999
187184170147120 93 74 66 70 82 9911913715015314613211710810811713315016427 922QF 018187134615399999999999999 710 66183010699999999999999
173177172161143121100 84 77 77 84 9510912313414013913312512012212913814827 923QF 058177152114099999999999999 825 76191712099999999999999
156162165165159147130112 95 84 79 79 85 9610912313414114113713213013013227 924QF 2201651732142999999999999991024 78212613099999999999999
137142150157164165159145125104 86 73 69 72 8310012013915115414913912912027 925QF 44716618491559999999999999912 3 69999999999999999999999
117119127139155170179176160135106 80 63 56 61 7710012815316816915713811727 926QF 616179193417099999999999999 0 811713 3 5699999999999999
102 95 99113134159182195191171138102 70 50 46 56 7911014417218517915712727 927QF 719196201118699999999999999 1 6 951347 4699999999999999
 97 78 73 83104134167196210203175134 92 58 41 43 60 9112816619319918214827 928QF 811210204520099999999999999 150 731425 4099999999999999
108 74 55 55 72101138177208219206171124 80 49 39 48 7411115218920920417527 929QF 858219211921099999999999999 230 5315 0 3999999999999999
131 86 52 38 45 68103145186215221200159111 70 47 45 63 9513517620721619927 930QF 943222215121799999999999999 310 381533 4399999999999999
159110 66 37 30 43 71109152192215213186143 98 65 52 61 861211601952152122710 1QF1025217222221799999999999999 350 3016 5 5299999999999999
184139 91 52 31 31 49 80118158191206196166126 90 68 66 821111451792052132710 2QF11 7206225121399999999999999 428 281635 6499999999999999
198163119 76 46 34 41 61 91126160184189175147113 87 77 851061351651902032710 3QF1147190231820499999999999999 5 7 3417 4 7799999999999999
200178143103 69 49 45 56 76102131156170169154131107 92 921051271521751892710 4QF1227172234319399999999999999 544 451731 9099999999999999
192181157126 95 71 59 60 72 891101301461531501381211071021081231421601742710 5QF1311154999999999999999999999 623 58175810299999999999999
180177163142118 95 79 73 76 85 971111241341381361291201141141221341471592710 6QF 0 7180141213899999999999999 7 8 73182611399999999999999
166167161150134117101 90 86 87 92 991071161231281301281251231241291361432710 7QF 03716716 313099999999999999 815 8619 812399999999999999
149153153150144134122110101 95 92 92 951001081171261321351341311291271282710 8QF 13815318 8135999999999999991027 92221312799999999999999
131136140145147146140130119107 97 90 87 88 941051181311411441421341251182710 9QF 41714719 0144999999999999991210 87999999999999999999999
114116123133143151153149138123107 92 83 79 83 93109127144153153144129113271010QF 553153193015599999999999999 0 71141259 7999999999999999
102 98103115131148159163156141121100 83 74 74 82 99121143159165157139116271011QF 651163195516599999999999999 055 981331 7299999999999999
 96 83 83 94113136157171172160138112 88 72 67 73 90113139162174171153126271012QF 735173201817599999999999999 132 821357 6799999999999999
 97 75 67 73 92118147170181177157129 99 76 64 66 81104133161180183168140271013QF 813182204118499999999999999 2 5 671421 6399999999999999
105 75 56 55 69 96128160183189176149115 84 65 61 72 95125156182192184157271014QF 84918921 419399999999999999 236 531445 6199999999999999
119 82 53 42 49 71105142174193191169135 99 72 61 66 86115148178197197175271015QF 925194212919999999999999999 3 7 421510 6099999999999999
138 96 59 37 34 50 79117155185197186157119 86 65 63 78105138170195204191271016QF10 1197215520499999999999999 339 331537 6299999999999999
159116 74 42 28 34 56 90129166190193174141105 77 66 73 96126158187203201271017QF1038194222320599999999999999 412 2816 5 6699999999999999
178140 96 58 33 28 40 66101138170187182159126 95 76 74 89115145174195201271018QF1117188225420299999999999999 448 271635 7399999999999999
190161122 82 50 33 34 49 76109142167176167144115 92 82 88107133159180193271019QF12 0176232619499999999999999 528 3117 7 8299999999999999
192175146110 76 51 40 44 60 84112138157161152132111 95 93103122144163177271020QF1249162999999999999999999999 613 391741 9299999999999999
183179162136106 78 58 51 55 68 87109129143147141127113104105115130145158271021QF 0 5183135214799999999999999 7 8 51182310399999999999999
167170166154134110 87 70 62 63 71 84101118132138137129120114115120128137271022QF 1 0170151913999999999999999 824 61192711499999999999999
145152158159153140120 99 81 70 66 69 79 93110126138141137129122117115117271023QF 24415916561419999999999999910 2 66215811599999999999999
121129138149158159150132110 89 72 64 64 73 88109130146152148137122109100271024QF 43816018 6152999999999999991128 632354 9899999999999999
 98102112128147163169162143117 91 70 59 60 71 91116142160166157138115 94271025QF 6 01691853166999999999999991227 58999999999999999999999
 80 76 83 99123149171180172150118 87 65 55 59 75100131159177178161132100271026QF 7 3180193218099999999999999 050 761312 5499999999999999
 73 57 56 69 92123155181189178150114 81 59 53 63 86117151179192184157119271027QF 75719020 819299999999999999 134 551351 5399999999999999
 80 51 38 42 61 91127164189194178145106 73 56 57 74103137171196201182146271028QF 845195204320199999999999999 215 381426 5499999999999999
101 60 34 26 36 60 95135171193193171134 96 68 58 67 90123158189205200172271029QF 930196211720699999999999999 255 2615 1 5899999999999999
129 82 44 23 21 37 66103143176192186159122 87 67 65 82110143176199206190271030QF1013193214920699999999999999 334 201534 6499999999999999
155110 66 34 20 25 45 76113149176185172143109 82 70 77 99129160187201197271031QF1054185221920299999999999999 413 1916 7 7099999999999999
174136 93 55 31 25 35 58 88122152171172156128100 81 79 931171451711891942711 1QF1134174224819499999999999999 451 251638 7899999999999999
182155118 80 50 35 36 49 72100128150161157140116 95 86 911081321561751842711 2QF1214161231618599999999999999 528 331710 8599999999999999
181164137104 74 53 45 49 64 85108129143148142127109 96 941031201411591702711 3QF1256148234617399999999999999 6 6 451742 9399999999999999
173165148123 96 74 60 57 63 77 931101251351371311191081011031121271421542711 4QF1345137999999999999999999999 646 57181810199999999999999
160159151136116 95 78 69 69 74 85 971091201271291261181111081101161261362711 5QF 023160145312999999999999999 736 6819 910899999999999999
143147147141129114 98 86 79 77 81 87 961061161231281271231171131111131182711 6QF 123148162212899999999999999 845 77205711199999999999999
124130136138136129117104 93 85 81 82 87 941051161261331331291211131061032711 7QF 3 61381738134999999999999991018 81231010399999999999999
104110119129136137133123109 96 86 81 80 85 95108123135142141133120105 942711 8QF 4481381824143999999999999991136 80999999999999999999999
 88 90 98112127139143139128112 96 84 77 78 86 99117135148153147132111 912711 9QF 6 2143185715399999999999999 016 871225 7799999999999999
 76 71 76 91111131146151145130110 91 78 73 78 91110132151162161147123 96271110QF 658151192516499999999999999 1 0 7113 1 7399999999999999
 72 58 56 68 89115140156160149129104 84 72 71 82101125150168174164140107271111QF 744160195317499999999999999 136 551333 7099999999999999
 75 51 41 46 64 92124152167166149123 96 75 68 73 90116144169183180160126271112QF 827169202218499999999999999 211 4114 4 6799999999999999
 87 54 33 28 40 66100136163176168145114 86 69 67 80104133163185192180149271113QF 9 7176205319299999999999999 246 281437 6699999999999999
108 67 35 19 21 40 72110147173179165136103 77 66 71 91119151179196195173271114QF 949180212719899999999999999 322 171510 6699999999999999
135 90 49 21 11 20 44 80120156177177157126 94 72 68 80104135166190200190271115QF103118022 320099999999999999 4 1 111545 6799999999999999
162119 74 36 14 10 24 51 88127159175169146115 87 72 74 91118148175193196271116QF1114175224219799999999999999 442  91622 7099999999999999
181149106 64 31 14 15 31 60 95131157167158134106 84 76 83103128154176189271117QF12 1167232619099999999999999 527 1217 0 7699999999999999
188170138 98 60 32 20 24 41 67 99130151157147125102 86 82 92111133154170271118QF1251157999999999999999999999 615 191743 8299999999999999
179176159130 95 62 40 30 35 50 73100126143147138120102 90 90 99113130145271119QF 017180134814899999999999999 7 9 301834 8999999999999999
159166164151127 97 70 50 42 46 58 77100122137141135120105 96 94 99108119271120QF 121167145314299999999999999 811 421945 9399999999999999
132144153155147128103 79 62 53 55 64 80100120136141137125110 98 92 92 96271121QF 24315616 214199999999999999 921 532136 9199999999999999
104115130143150146132111 89 71 61 61 69 84103124140147143130113 96 84 78271122QF 41215017 8147999999999999991033 602322 7899999999999999
 79 87100118136148149138118 96 77 66 65 73 89110132150157151134111 89 71271123QF 53515018 3157999999999999991137 64999999999999999999999
 62 62 71 88111134150154144124100 79 68 68 79 97121145162167157134105 76271124QF 646155185016799999999999999 030 611230 6799999999999999
 55 45 47 59 81109136155160148125 99 78 69 72 86108134159174175159129 93271125QF 746160193317799999999999999 121 441315 6899999999999999
 61 39 31 36 54 80112142161164149123 95 75 69 76 95121149172184178154118271126QF 837165201218499999999999999 2 6 311357 6999999999999999
 79 46 26 22 32 54 84119149167165145116 89 71 70 83106135162182188175145271127QF 924168205018999999999999999 248 211436 6999999999999999
105 64 34 18 18 33 59 93128156169161137107 81 69 74 92119148173188186166271128QF10 6169212619099999999999999 328 161514 6999999999999999
131 89 51 25 15 21 41 70104137160166152125 96 75 69 80103132159179187179271129QF104716622 118799999999999999 4 6 151550 6999999999999999
153115 75 41 21 17 29 52 83115144160158140112 87 72 73 90115143166180181271130QF1125161223418399999999999999 443 171625 7199999999999999
166136 99 62 35 22 25 41 66 95124146154147126100 80 73 811011261501681762712 1QF12 115423 717699999999999999 518 221659 7399999999999999
170150120 85 54 34 29 37 56 80106129144145133113 92 79 78 901101331521652712 2QF1237146234116799999999999999 552 291734 7699999999999999
167156134105 75 51 39 39 51 70 92113130138135122104 88 81 84 971161341492712 3QF1314138999999999999999999999 626 371811 8199999999999999
156155142120 94 70 53 47 52 65 82100117128132127115100 89 85 901011161302712 4QF 020157135513299999999999999 7 2 471857 8599999999999999
140145142130110 89 70 59 57 64 76 90105118126128123112101 92 89 92 991102712 5QF 1 7145144312899999999999999 741 5720 0 8999999999999999
121130134131121105 88 74 67 67 73 84 96109120127128123114103 93 88 88 922712 6QF 2 9134154212899999999999999 829 662135 8799999999999999
100110119125125118106 92 80 74 74 80 88100112123131132127117104 91 82 782712 7QF 328126164413299999999999999 928 742310 7899999999999999
 80 88 99112121124120110 97 86 79 79 83 92104118130138139132118100 83 702712 8QF 4551241737140999999999999991039 78999999999999999999999
 65 67 76 91108122128126116102 89 81 80 84 95109126141149147136116 92 702712 9QF 613128182314999999999999999 015 641146 7999999999999999
 55 49 53 67 88110127136134122105 90 80 78 85 99118137153160154136109 79271210QF 71713719 416099999999999999 1 5 491241 7899999999999999
 54 38 34 42 62 88115137146142126105 87 76 76 87105128151167170159133 98271211QF 810146194617199999999999999 148 341329 7599999999999999
 63 36 21 21 35 60 93124147156147126101 81 71 75 91114141164179178160126271212QF 859156202818199999999999999 231 191413 7199999999999999
 85 47 19  7 11 31 63100134157162148122 94 73 67 75 96124153177189183157271213QF 944163211218999999999999999 313  61455 6799999999999999
117 72 32  5 -3  6 32 68108144165164144114 85 66 64 78103133163186194183271214QF1029167215719599999999999999 357 -31537 6399999999999999
151107 59 20 -3 -7  7 37 76118151168161136104 76 61 64 82110141170190195271215QF1113168224519599999999999999 442 -81619 6099999999999999
179143 96 50 13 -6 -4 14 46 86126155165154126 94 69 59 67 87115144171188271216QF1157166233419199999999999999 526 -717 3 5999999999999999
189170133 87 44 13  0  5 26 58 96132155159143115 86 65 60 71 91116143166271217QF1241160999999999999999999999 611 -11748 6099999999999999
180179158123 81 44 19 11 20 42 72105135152151133107 81 66 64 74 91113135271218QF 025182132615499999999999999 656 111839 6399999999999999
155167164145114 79 49 31 28 38 58 85113136148143126102 81 68 66 74 88104271219QF 120168141314899999999999999 742 271939 6699999999999999
123140151149134109 81 58 46 46 56 74 96119137144139123102 83 71 67 71 80271220QF 22315215 514499999999999999 830 442057 6799999999999999
 92108124135136126108 87 70 62 62 71 86104123137143138124104 86 72 65 64271221QF 33713716 214399999999999999 925 612238 6399999999999999
 68 79 93109122128124111 96 82 74 75 82 94110127140145141127107 87 70 58271222QF 5 512817 5145999999999999991029 74999999999999999999999
 54 56 65 80 98115125126117104 91 82 81 87 99115131144150146131109 85 64271223QF 63412718 715199999999999999 010 541140 8199999999999999
 49 42 44 55 72 94115129132124109 94 84 82 88102119137151157151134107 79271224QF 74513219 315799999999999999 116 421245 8299999999999999
 55 38 31 35 48 70 96120136139128111 93 81 79 88104124144159164155132102271225QF 840140195216499999999999999 2 8 311339 7999999999999999
 70 43 27 22 30 48 74104130145144128106 85 74 75 88109132153167169155127271226QF 925147203717099999999999999 251 221424 7399999999999999
 92 58 31 17 17 30 54 84116142152144123 96 75 67 73 91116141162173170149271227QF10 4152211817499999999999999 329 1515 4 6799999999999999
116 78 44 20 11 18 37 65 98130150153138111 84 65 62 75 98125151169176166271228QF1039155215517699999999999999 4 3 111541 6199999999999999
139101 62 31 13 11 24 49 80113141154148126 97 71 58 62 81107135159173173271229QF1112155222917599999999999999 436 101616 5799999999999999
155123 84 47 21 11 18 37 65 97127147151137111 82 61 56 67 90117144164172271230QF114215223 317299999999999999 5 6 111650 5699999999999999
165140105 67 36 18 17 31 54 83113137148143122 95 70 56 58 74 99126149164271231QF1210149233516799999999999999 534 151723 5599999999999999
